24 11.180101 12.052269
25 -5.466297 14.677512
26 -3.671401 42.860678
27 10.409182 6.673360
20 18.326037 7.298083
21 10.148910 5.936951
22 13.724892 8.478925
23 -15.187854 6.552985
28 14.727632 8.944254
29 14.052684 8.273455
0 8.675881 11.847245
4 -6.014793 3.592569
8 -3.607988 17.278832
59 -9.945741 7.882192
58 3.463663 4.051875
55 -5.744442 6.435930
54 -7.589357 13.001128
57 0.634324 9.028189
56 -0.870221 4.872639
51 -5.513339 7.485532
50 -12.108486 39.229181
53 16.014259 5.816819
52 -8.926580 7.205947
88 8.865822 6.680153
89 -33.339671 10.313721
111 8.266277 10.297096
110 -10.081454 9.118986
82 34.568043 6.496554
83 -61.603445 26.271770
80 16.004088 7.886462
81 -7.826550 5.051424
86 -0.311701 8.628031
87 2.467366 12.598369
84 4.838710 33.624139
85 7.977521 7.173636
3 15.376706 8.547005
7 6.010601 7.033761
108 54.884885 27.938872
109 -6.399470 6.811712
102 1.373601 7.108940
103 12.432338 11.921372
100 10.310721 15.722303
101 -1.875742 4.471306
106 2.600731 18.698370
107 -7.153397 12.557000
104 8.466783 7.672005
105 4.873417 6.378545
39 -5.140424 10.008526
38 -2.795564 31.318971
33 -4.085360 6.159663
32 4.118290 4.268018
31 -1.052807 5.759505
30 1.973318 3.562929
37 0.588865 14.753407
36 -6.676879 8.863957
35 -6.409666 7.337810
34 -5.853861 44.679046
60 -7.231071 8.613588
61 -4.543043 8.108682
62 -7.636505 6.481057
63 2.133086 4.936602
64 -78.274913 8.727991
65 5.057183 6.991508
66 4.304239 6.035085
67 -17.806272 4.677193
68 14.363243 3.495447
69 -3.945592 4.993454
2 -1.389917 8.853973
6 3.662726 17.417321
99 -11.883443 33.143749
98 8.893358 6.533543
91 61.701760 9.778178
90 4.325504 11.889828
93 3.947777 5.319202
92 -23.526059 14.104430
95 -2.253800 6.780983
94 -10.357858 7.550201
97 2.527901 8.508881
96 -73.226620 10.041772
11 -7.031096 18.544879
10 10.785616 9.236563
13 -9.321163 4.105562
12 7.259250 8.751877
15 3.262685 7.167124
14 -1.793677 6.941325
17 11.442197 7.113591
16 25.819834 18.067502
19 13.914223 5.959116
18 6.732924 8.628744
48 8.713145 6.845703
49 -0.292723 17.803336
46 -21.052367 53.848135
47 -6.589816 6.759367
44 -1.165778 4.973166
45 -3.665139 13.104157
42 9.931820 14.590471
43 -9.098631 6.144327
40 -5.602318 6.552917
41 1.351961 9.574739
1 9.268216 5.113946
5 8.970560 9.128732
9 9.814435 6.987188
77 6.235788 15.554037
76 0.661526 7.514882
75 -25.830948 6.147923
74 -0.445201 4.707064
73 4.947602 7.232817
72 4.325337 21.939137
71 -4.723233 7.211637
70 1.503655 4.412812
79 1.443300 5.169590
78 -0.716825 11.043246
