24 6.116008 20.954485
25 -8.018430 16.121986
26 18.787481 55.142860
27 5.648025 11.746795
20 11.685836 12.586550
21 6.718565 11.717803
23 -15.613945 15.900458
28 8.874082 19.890450
29 4.708825 22.990617
0 -1.593292 21.062892
4 -4.215866 9.950542
8 -0.936287 23.230295
59 -7.132140 14.542625
55 -10.187205 14.723908
54 -6.356858 22.638432
57 -7.206443 17.359416
56 -9.292368 13.133036
51 -7.524661 13.776401
50 2.420134 58.616991
53 22.546349 10.515975
52 0.847365 12.010912
88 11.989496 15.357215
89 -27.879384 14.731622
111 7.865970 26.549983
110 -8.353451 40.457528
82 23.639674 10.593772
83 -61.041697 36.752137
80 15.685230 12.723349
81 -2.967719 7.494517
86 -5.632169 16.556666
87 7.875658 22.419391
84 24.385688 47.600088
85 4.241634 10.415004
3 8.215543 11.878987
7 5.239511 17.100091
108 19.988314 86.673321
109 0.053394 68.496854
102 -2.304649 15.164847
103 7.160023 20.915809
100 18.200560 19.547986
101 -6.156334 11.094366
106 0.456221 29.514987
104 2.763603 24.265631
39 -8.599161 32.927457
38 -2.251948 93.063229
32 3.590580 10.423030
31 11.535886 123.948761
30 3.225155 10.079355
37 -3.761122 21.993901
36 -11.382812 109.056532
35 -9.498681 10.414685
34 16.167076 60.151225
60 -6.980801 51.571676
61 -5.132362 10.768356
62 -7.363659 15.403333
63 -2.561972 9.588228
65 1.545402 14.064650
66 10.697253 11.543488
67 -21.205391 10.914132
68 17.232382 9.021135
69 0.281474 12.795656
6 4.397248 22.790856
99 -7.426091 28.582525
98 3.433878 15.171248
90 -12.784463 25.454178
93 12.026482 14.961079
92 13.860518 77.467883
95 -0.325296 20.170098
94 -4.627534 19.239957
96 -63.942355 14.215549
11 -7.503053 29.998993
13 -9.641722 9.745171
12 -0.491993 26.965457
14 -5.594305 12.770419
17 18.210189 12.031845
16 17.843847 20.690367
19 -1.601952 12.088702
18 5.729380 17.005344
48 -13.630313 18.370187
49 0.523716 13.171259
46 4.903995 77.790921
44 -5.904324 14.232676
45 -3.811817 27.621609
40 -2.018011 13.064426
41 -2.084273 10.478856
1 12.340488 11.689038
5 22.043915 20.649087
9 6.986725 12.182355
77 11.409291 14.694877
75 -24.716355 13.146694
74 -6.209359 10.011814
73 15.724906 14.802235
71 -12.192421 14.680750
70 -3.614005 10.325029
79 -5.865494 14.021320
78 5.312969 7.249609
