24 8.794353 1.585471
25 -3.059194 1.549095
27 10.090320 0.608623
20 18.261667 0.840623
21 9.492821 1.031884
22 15.842096 2.700633
23 -16.953188 2.480250
28 13.926437 1.277848
29 12.879664 0.555773
0 7.249364 1.579963
4 -5.703993 0.916417
8 1.897314 1.973625
59 -10.691786 2.626629
58 3.817647 1.212805
55 -7.591480 0.634509
54 -8.632364 1.164731
57 -0.446766 1.831473
56 -1.167801 0.881179
51 -6.217252 1.370110
53 15.846599 1.742697
52 -9.410030 2.066602
88 9.433081 2.134747
89 -32.806553 1.282583
111 10.232090 2.087300
110 -7.626147 0.959899
82 34.539493 0.977749
83 -56.224599 1.929487
80 15.453055 2.045784
81 -7.407668 1.132465
86 -2.515015 1.201341
87 2.269131 1.516674
85 6.849434 1.321348
3 15.822218 0.818074
7 4.635588 0.723896
109 -4.707425 1.341547
102 -1.642598 1.800429
103 12.148945 2.741810
100 6.436014 2.656865
101 -2.851878 1.195047
106 1.619277 0.916673
107 -5.391360 2.399416
104 12.405567 2.149902
105 7.384946 1.644381
39 -4.338381 1.614822
33 -3.159348 2.002616
32 4.414078 1.787787
31 2.672881 1.573049
30 1.979788 2.323544
37 -1.075385 0.595179
36 -4.523981 2.312084
35 -5.489882 4.556286
60 -7.055364 0.894195
61 -3.005871 6.021687
62 -8.410402 2.255038
63 2.390980 0.626103
64 -78.954088 1.625686
65 5.253033 1.644061
66 5.432773 1.192412
67 -17.325261 0.752087
68 13.977642 0.706750
69 -4.455322 1.268155
2 0.945016 0.668118
6 0.773461 0.657238
98 5.560990 1.482039
91 64.821308 2.264997
90 3.745456 1.194908
93 3.938257 1.094425
92 -26.657970 2.587480
95 -3.297143 2.327406
94 -11.379033 1.135931
97 4.289182 0.935787
96 -74.280263 2.617456
11 -3.585423 0.788867
10 8.890402 1.188036
13 -10.143685 0.792226
12 6.918063 1.653157
15 1.891974 2.454731
14 -3.911830 0.719273
17 11.074581 1.905344
16 27.715864 0.648086
19 14.273341 1.598292
18 6.563107 8.221034
48 8.789159 0.822051
49 0.623036 0.895942
47 -6.089725 1.833504
44 -3.446612 0.590083
45 1.016007 0.694433
42 7.564559 1.458639
43 -8.500154 1.860448
40 -7.561456 1.668005
41 2.179852 0.700313
1 9.989309 1.214887
5 6.271519 5.942301
9 10.219121 1.757441
77 6.327784 17.797497
76 0.628031 7.484806
75 -25.414418 2.223848
74 0.398518 3.628259
73 5.666072 4.215850
72 3.841399 24.891598
71 -5.017282 1.347064
70 0.830749 0.619715
79 0.290052 4.969101
78 -1.359085 12.342418
