24 -4.828279 78.510213
25 -5.164776 34.686220
26 15.255171 45.733346
27 -1.384330 29.038566
20 2.147083 39.645980
21 -0.037437 41.354968
22 11.243281 91.890559
23 -1.048395 29.370932
28 3.661121 57.990257
29 19.313003 77.586725
0 3.487920 39.934050
4 -2.746844 33.278182
8 -4.447974 43.710481
59 -5.574626 39.961953
58 -9.724503 99.647417
55 -9.897959 43.802048
54 -1.831209 33.218096
57 0.227213 33.906634
56 -11.566818 44.631616
51 -6.986398 31.178450
50 6.122989 48.988859
53 7.778087 48.552454
52 3.996818 64.055506
88 4.914838 66.296283
89 -10.402549 66.422821
111 6.249644 46.450322
110 -9.604819 35.808983
82 11.208401 34.146027
83 -20.382769 41.092851
80 5.283728 43.122533
81 1.360126 29.741120
86 0.956877 44.220949
87 0.197388 38.665428
84 14.281954 50.833593
85 -0.432545 25.033306
3 0.826904 40.061559
7 3.125469 56.012001
108 0.539807 70.950035
109 1.405428 53.684543
102 1.748033 55.313093
103 -4.256608 39.746562
100 7.833108 30.743962
101 -5.446843 50.575914
106 -2.756690 47.929146
107 14.926382 118.492676
104 -0.065120 55.744683
105 0.754867 101.794563
39 -4.753957 39.340969
38 -4.034257 53.090330
33 11.584506 117.184366
32 -2.177899 39.077596
31 8.442529 89.195445
30 -0.883257 33.396691
37 -0.690783 27.598678
36 8.065434 71.730314
35 -3.775923 42.100492
34 11.321430 53.091112
60 -8.125100 43.080054
61 -4.034510 43.444609
62 -2.504760 58.221614
63 -1.218215 32.121005
64 9.810460 91.486290
65 2.222433 54.789574
66 2.614849 43.647015
67 -9.619616 49.546842
68 6.428830 27.399552
69 24.379987 52.191754
2 10.268023 99.275872
6 0.939816 38.676798
99 3.007152 42.541041
98 1.762835 43.631233
91 -3.419963 117.629144
90 -5.444478 52.279568
93 -3.465158 71.032485
92 11.119834 72.055589
95 -2.231542 52.648598
94 1.043523 47.775388
97 -17.199019 102.195798
96 -23.592291 52.926934
11 -5.638205 34.702700
10 -8.961521 103.490000
13 0.695349 42.569457
12 -9.243905 47.375660
15 -2.677641 141.199884
14 -2.452734 22.420266
17 6.563524 30.134573
16 12.927054 24.988381
19 -2.742616 39.548326
18 0.282912 76.156526
48 1.640853 70.772786
49 -4.168785 44.320366
46 -0.499518 53.227223
47 10.439916 139.453948
44 1.915237 37.678712
45 -4.492708 51.171913
42 -11.820369 145.045358
43 -8.750975 102.559152
40 -2.729922 29.008490
41 -2.666321 31.929625
1 -2.337932 42.184628
5 5.047639 68.529194
9 3.915011 46.617446
77 -1.596084 59.794748
76 7.891700 92.712555
75 -6.778715 49.099849
74 0.208956 39.200440
73 3.491062 50.045722
72 -2.072633 112.645488
71 -5.178747 33.380290
70 -10.510811 34.277173
79 -7.252970 30.352411
78 1.454836 32.524746
